0, -1.659570336341858, 3.7351303100585938, 9.05291748046875
1, -1.605096459388733, 4.029930114746094, 8.755776405334473
2, -1.552941918373108, 3.6882095336914062, 9.026869773864746
3, -1.3244415521621704, 3.7792587280273438, 9.084149360656738
4, -1.1271454095840454, 3.5465164184570312, 9.01681137084961
5, -1.899896264076233, 3.2219772338867188, 8.46947193145752
6, -1.4780670404434204, 2.7417068481445312, 9.386147499084473
7, -0.9630371332168579, 2.3926162719726562, 9.939311027526855
8, -1.2082000970840454, 2.5670394897460938, 10.026841163635254
9, -1.2169586420059204, 2.1032333374023438, 9.630695343017578
10, -0.4948059022426605, 1.7081832885742188, 10.662646293640137
11, -0.8718506097793579, 2.0627670288085938, 10.502220153808594
12, -0.5510345697402954, 3.0804977416992188, 10.468481063842773
13, -1.409844994544983, 4.516273498535156, 8.990235328674316
14, -0.6412445306777954, 4.014122009277344, 9.956063270568848
15, -1.206292748451233, 5.991096496582031, 5.662553310394287
16, 0.5529235601425171, 7.051063537597656, 4.430598258972168
17, 1.9017547369003296, 9.203239440917969, 1.1930785179138184
18, 1.395086646080017, 9.662132263183594, 0.8286158442497253
19, 0.8198760747909546, 9.263969421386719, 1.9637452363967896
20, 0.24657288193702698, 10.091209411621094, 0.8879972696304321
21, 0.05414428561925888, 10.261543273925781, -0.7882133722305298
22, -0.007257081568241119, 9.533775329589844, -0.17780186235904694
23, -0.358163446187973, 10.290199279785156, -0.7689229846000671
24, 0.21452942490577698, 10.148445129394531, -0.8323524594306946
25, -0.464028924703598, 8.899604797363281, -3.029482126235962
26, 0.6645416021347046, 9.034706115722656, 0.5239861011505127
27, 0.306295782327652, 9.631019592285156, -0.262732595205307
28, 1.9573272466659546, 12.479713439941406, -3.2508935928344727
29, -0.7429291009902954, 10.171669006347656, -2.472940444946289
30, -1.0750824213027954, 9.445945739746094, -0.6842724680900574
31, -0.9146057367324829, 11.125465393066406, -2.521376609802246
32, -1.405480980873108, 8.919288635253906, -2.1261022090911865
33, -3.072366237640381, 9.574806213378906, -2.594895124435425
34, -2.0382628440856934, 9.422935485839844, -2.073742628097534
35, -1.8343597650527954, 9.656623840332031, -2.0674993991851807
36, -1.671929955482483, 9.535072326660156, -1.8466014862060547
37, -1.077752709388733, 9.389091491699219, -1.6464887857437134
38, -0.5561157464981079, 9.987281799316406, -1.3371105194091797
39, -0.15462645888328552, 9.812416076660156, -1.5108642578125
40, -0.10303650051355362, 9.677986145019531, -1.6119405031204224
41, 0.4384826719760895, 9.798530578613281, -1.2023890018463135
42, 0.5617736577987671, 9.563377380371094, -1.47890043258667
43, 0.8277648687362671, 9.964790344238281, -1.355155348777771
44, 1.4641937017440796, 9.892982482910156, -1.4264006614685059
45, 1.1190093755722046, 10.056465148925781, -1.3951685428619385
46, 1.345983862876892, 10.095664978027344, -1.0134239196777344
47, -0.03261718899011612, 9.364997863769531, -0.7067234516143799
48, -0.4426818788051605, 10.002235412597656, -0.43351268768310547
49, -2.429849147796631, 9.153877258300781, 0.019726352766156197
50, -2.312173366546631, 10.124946594238281, -0.6853311657905579
51, -1.963952660560608, 9.379386901855469, -0.18575778603553772
52, -2.4377989768981934, 10.175392150878906, 0.5444909334182739
53, -1.1433502435684204, 9.775108337402344, 0.19843123853206635
54, -0.5094238519668579, 8.998374938964844, -0.04001320153474808
55, 0.344107061624527, 7.827995300292969, -0.0023509704042226076
56, -0.8936554193496704, 5.592369079589844, 1.794740080833435
57, -0.5148407220840454, 6.067955017089844, 1.4401016235351562
58, -0.423837274312973, 8.200111389160156, 2.2071874141693115
59, -0.8405548334121704, 9.151191711425781, 4.037612438201904
60, -1.057885766029358, 10.923561096191406, 5.223762512207031
61, -1.410485863685608, 10.931098937988281, 5.616483688354492
62, -1.9559723138809204, 13.808815002441406, 6.136608600616455
63, -2.276101589202881, 15.099433898925781, 6.6603922843933105
64, -1.180169701576233, 12.828376770019531, 5.3219428062438965
65, -1.193017601966858, 11.915504455566406, 4.9988322257995605
66, -1.094720482826233, 11.304954528808594, 2.9773247241973877
67, -1.276513695716858, 9.884696960449219, 2.3642663955688477
68, -0.7684570550918579, 6.038383483886719, 1.9445949792861938
69, -0.2893920838832855, 4.571235656738281, 1.7420845031738281
70, -0.8972259759902954, 5.182014465332031, 0.4690730571746826
71, -0.2648559510707855, 8.664619445800781, 0.21172745525836945
72, -0.8300720453262329, 7.291099548339844, 0.5871042013168335
73, -0.4675537049770355, 5.035316467285156, 0.542700469493866
74, -1.674340844154358, 5.117073059082031, -0.05464838072657585
75, -0.9615265130996704, 7.906562805175781, 1.270535945892334
76, -0.8647552728652954, 10.861305236816406, 4.0230393409729
77, -0.4472595155239105, 10.408973693847656, 4.788116931915283
78, -1.703881859779358, 11.973106384277344, 6.058076858520508
79, -1.7999969720840454, 14.245964050292969, 7.418323040008545
80, -1.589349389076233, 15.121635437011719, 7.835970878601074
81, -1.4159942865371704, 13.086830139160156, 6.8986496925354
82, -0.7958770990371704, 10.990043640136719, 4.255069255828857
83, -0.7239624261856079, 10.242027282714844, 2.7866625785827637
84, -0.8013397455215454, 7.401329040527344, 2.266444444656372
85, -0.12412414699792862, 5.972618103027344, 2.009939432144165
86, -0.5320373773574829, 5.747200012207031, 1.4515140056610107
87, -0.8801819086074829, 6.233177185058594, 0.980012059211731
88, -0.382485955953598, 8.144660949707031, 0.7434359788894653
89, -0.16750487685203552, 7.585762023925781, 0.6380470991134644
90, -0.5283294916152954, 3.3731765747070312, 0.5647310614585876
91, -1.452294945716858, 4.607658386230469, 0.6842724680900574
92, -0.5522552728652954, 10.465904235839844, 2.7016074657440186
93, -1.3016754388809204, 10.555747985839844, 4.12807035446167
94, -0.9736572504043579, 11.899085998535156, 6.756065845489502
95, -1.215966820716858, 13.366798400878906, 7.768197536468506
96, -1.533868432044983, 15.923988342285156, 8.141690254211426
97, -1.0053192377090454, 13.930229187011719, 7.284878253936768
98, -0.9995208978652954, 11.468788146972656, 5.76795768737793
99, -0.5705505609512329, 10.371330261230469, 4.549594402313232
100, -0.5745025873184204, 7.824851989746094, 2.8957881927490234
101, -0.341928094625473, 6.344551086425781, 1.7705297470092773
102, -0.24949035048484802, 3.8720474243164062, 1.6052300930023193
103, -0.5617767572402954, 5.277351379394531, 0.5516839623451233
104, -0.5253082513809204, 8.620597839355469, 0.09628079831600189
105, -0.8621460199356079, 5.260566711425781, 0.6358362436294556
106, -0.8854767084121704, 4.737617492675781, 0.9780503511428833
107, -0.4054809510707855, 7.015922546386719, 2.211110830307007
108, -0.5696808099746704, 8.515663146972656, 3.7625956535339355
109, -0.6942535638809204, 9.724220275878906, 4.991670608520508
110, -0.7119995355606079, 10.459800720214844, 5.969829559326172
111, -1.1152435541152954, 12.673881530761719, 6.909174919128418
112, -1.5613800287246704, 14.773597717285156, 7.48197078704834
113, -1.102532982826233, 13.243721008300781, 6.825053691864014
114, -1.1225677728652954, 12.102607727050781, 6.6036577224731445
115, -0.8318725824356079, 10.617729187011719, 5.314080238342285
116, -0.5174652338027954, 10.039649963378906, 4.364194869995117
117, -0.9353424310684204, 7.807655334472656, 2.8642446994781494
118, -0.5963836908340454, 5.475746154785156, 2.1470119953155518
119, -0.5657745599746704, 3.5862960815429688, 0.9663577675819397
120, -0.6496063470840454, 4.501533508300781, 1.2073556184768677
121, -0.6148315668106079, 5.303260803222656, 2.6892452239990234
122, -0.9514557123184204, 5.744712829589844, 2.669160842895508
123, -0.7124420404434204, 7.893470764160156, 4.424494743347168
124, -0.8561035394668579, 10.267127990722656, 5.349064826965332
125, -0.7979522943496704, 11.047340393066406, 6.81083869934082
126, -0.9868408441543579, 13.816505432128906, 7.58992862701416
127, -0.7788635492324829, 13.497001647949219, 7.600531101226807
128, 0.04675903171300888, 11.575935363769531, 6.909299373626709
129, 0.380850225687027, 5.712425231933594, 2.842323064804077
130, -1.149621605873108, 4.097694396972656, 2.4370064735412598
131, -2.299722194671631, 6.841850280761719, 2.4147889614105225
132, -2.7836241722106934, 5.031440734863281, 1.8119597434997559
133, -1.325738549232483, 4.388374328613281, 3.491798162460327
134, -0.9992157220840454, 6.895500183105469, 4.163365840911865
135, -0.8370758295059204, 8.909721374511719, 5.697070598602295
136, -1.344049096107483, 9.780250549316406, 6.9868035316467285
137, -1.603234887123108, 13.568672180175781, 8.697375297546387
138, -1.734216332435608, 15.247779846191406, 9.456769943237305
139, -1.392968773841858, 12.497428894042969, 8.007622718811035
140, -1.0520721673965454, 11.157463073730469, 6.809826850891113
141, -0.7502075433731079, 9.538459777832031, 5.389591693878174
142, -0.5646454095840454, 8.550025939941406, 4.381492614746094
143, -0.362161248922348, 5.218177795410156, 2.9307570457458496
144, -0.22835692763328552, 3.6150131225585938, 1.8502447605133057
145, -0.466439813375473, 4.165092468261719, 1.7645044326782227
146, -0.8138061761856079, 4.148124694824219, 2.8120718002319336
147, -0.3788696229457855, 5.446388244628906, 2.892129421234131
148, -0.6514068841934204, 6.499427795410156, 3.517580986022949
149, -0.7409454584121704, 9.018852233886719, 5.466130256652832
150, -0.7268921136856079, 9.001548767089844, 5.688849925994873
151, -0.8369842767715454, 10.725654602050781, 7.280674934387207
152, -1.1652313470840454, 11.960319519042969, 8.134824752807617
153, -1.191552758216858, 13.821617126464844, 8.472585678100586
154, -1.1688629388809204, 12.756187438964844, 8.054595947265625
155, -1.129144310951233, 10.482002258300781, 6.671134948730469
156, -1.038201928138733, 9.674934387207031, 6.1476006507873535
157, -0.9225097894668579, 8.439216613769531, 4.909900188446045
158, -0.9148193597793579, 7.543785095214844, 3.965059280395508
159, -0.7032409906387329, 5.172035217285156, 2.7051260471343994
160, -0.7551056146621704, 4.171989440917969, 2.0409536361694336
161, -1.3252350091934204, 5.270805358886719, 2.056351661682129
162, -0.5684601068496704, 4.995063781738281, 2.3689217567443848
163, -1.4298187494277954, 5.295127868652344, 3.041377067565918
164, -0.0022827163338661194, 6.127861022949219, 3.6120245456695557
165, -0.253182977437973, 8.706520080566406, 5.434244632720947
166, -0.8168121576309204, 9.565025329589844, 6.384519100189209
167, -0.9055725336074829, 11.022712707519531, 7.6691765785217285
168, -1.0087677240371704, 12.164512634277344, 8.098329544067383
169, -1.690271019935608, 13.544731140136719, 8.646883964538574
170, -1.2872406244277954, 12.913200378417969, 8.397432327270508
171, -1.049157738685608, 11.536827087402344, 7.533162593841553
172, -1.0141693353652954, 9.506294250488281, 6.294388294219971
173, -0.9024139642715454, 9.060981750488281, 5.383644104003906
174, -0.9495025873184204, 6.668174743652344, 3.7321107387542725
175, -0.5285125970840454, 5.050086975097656, 2.6058871746063232
176, -0.3393188416957855, 3.9911880493164062, 1.8882651329040527
177, -0.5923706293106079, 4.622352600097656, 2.0408756732940674
178, -0.4247680604457855, 4.814933776855469, 3.3368053436279297
179, -0.4593444764614105, 4.869636535644531, 2.282200574874878
180, -0.450051873922348, 7.514640808105469, 4.036428928375244
181, -0.277230829000473, 8.221748352050781, 4.929906845092773
182, -0.4612060487270355, 9.283424377441406, 6.1494221687316895
183, -0.395639032125473, 10.010536193847656, 6.929710865020752
184, -0.466867059469223, 12.419181823730469, 8.5800142288208
185, -0.8320251703262329, 13.519798278808594, 9.03088665008545
186, -0.11736450344324112, 12.148521423339844, 8.773665428161621
187, -0.314950555562973, 10.718940734863281, 8.260235786437988
188, -0.291665643453598, 8.896110534667969, 6.7198357582092285
189, -0.412973016500473, 8.076942443847656, 5.6827778816223145
190, -0.3243041932582855, 6.022834777832031, 3.908324718475342
191, -0.276620477437973, 5.074455261230469, 3.237706422805786
192, -0.278176873922348, 4.754142761230469, 2.395124912261963
193, -0.368905633687973, 4.963478088378906, 2.2245161533355713
194, 0.06340637058019638, 4.148841857910156, 2.8591067790985107
195, -0.6989532709121704, 5.081367492675781, 2.2056150436401367
196, -0.4285217225551605, 7.806053161621094, 4.2450270652771
197, 0.03893127292394638, 9.479057312011719, 5.3260064125061035
198, -0.3172546327114105, 9.850410461425781, 5.391319751739502
199, -0.4070678651332855, 10.920188903808594, 6.1146559715271
200, -0.5090423822402954, 13.623451232910156, 7.411706447601318
201, -0.3631530702114105, 14.834983825683594, 7.384927272796631
202, -0.385873407125473, 12.057121276855469, 6.0994133949279785
203, -0.5186859369277954, 10.801750183105469, 6.190789699554443
204, -0.7256561517715454, 9.354301452636719, 6.030160903930664
205, -0.5809417963027954, 8.774314880371094, 4.9503493309021
206, -0.371652215719223, 7.231178283691406, 3.7946839332580566
207, -0.486947625875473, 6.004051208496094, 2.9183480739593506
208, -0.2691894471645355, 4.170936584472656, 1.2255405187606812
209, -0.369119256734848, 4.807609558105469, 1.3365343809127808
210, -0.5057464838027954, 4.372413635253906, 2.1428704261779785
211, 0.24219360947608948, 5.100654602050781, 0.7555333375930786
212, -0.09714660793542862, 9.289848327636719, 4.003172874450684
213, -0.318368524312973, 10.102455139160156, 5.068552017211914
214, -0.7225281000137329, 10.499198913574219, 5.522242546081543
215, -0.7368103265762329, 11.378044128417969, 6.412559509277344
216, -1.0178314447402954, 14.036048889160156, 7.660473346710205
217, -0.8430267572402954, 14.509208679199219, 7.675980091094971
218, -0.7136627435684204, 11.901115417480469, 6.837477684020996
219, -0.2512145936489105, 10.411460876464844, 6.135160446166992
220, -0.7154327630996704, 9.249153137207031, 4.763486385345459
221, -0.7498413324356079, 8.534233093261719, 3.9712092876434326
222, -0.7335296869277954, 6.907737731933594, 3.097473382949829
223, -0.6136871576309204, 5.623039245605469, 2.567866802215576
224, -0.5887085199356079, 4.528572082519531, 1.070874810218811
225, -0.7165466547012329, 5.638496398925781, 0.9625899791717529
226, 0.7838500738143921, 3.1229019165039062, 1.7460236549377441
227, -1.3499237298965454, 4.623893737792969, 1.3615387678146362
228, -0.8462921380996704, 9.680259704589844, 4.349030494689941
229, -0.7312713861465454, 9.529121398925781, 5.716298580169678
230, -1.1936737298965454, 10.745399475097656, 5.541548252105713
231, -1.3265777826309204, 11.304283142089844, 6.469496726989746
232, -1.451409935951233, 14.776390075683594, 8.650823593139648
233, -1.5041290521621704, 14.748832702636719, 8.566390991210938
234, -1.0366302728652954, 10.468040466308594, 7.291542053222656
235, -0.9647918939590454, 9.613792419433594, 7.086322784423828
236, -0.7502228021621704, 9.142753601074219, 5.666165351867676
237, -0.7642456293106079, 8.198051452636719, 4.64241886138916
238, -0.3165527284145355, 5.339668273925781, 3.0207788944244385
239, -0.5795532464981079, 3.9872817993164062, 2.260185480117798
240, -0.3597656190395355, 5.585258483886719, 1.0865219831466675
241, -0.342874139547348, 5.363807678222656, 1.3715965747833252
242, -0.4446960389614105, 4.103416442871094, 2.114051580429077
243, -0.335580438375473, 5.390357971191406, 2.8864622116088867
244, -0.7748047113418579, 8.532676696777344, 4.855438709259033
245, -0.7394043207168579, 9.757514953613281, 6.160196304321289
246, -0.6493774652481079, 10.103752136230469, 6.407047748565674
247, -0.8856598138809204, 11.415611267089844, 8.300124168395996
248, -1.197412133216858, 12.519248962402344, 8.763249397277832
249, -0.6296325922012329, 12.970375061035156, 9.124832153320312
250, -0.6519409418106079, 11.521385192871094, 8.254910469055176
251, -0.4338317811489105, 9.593696594238281, 6.603112697601318
252, -0.3353515565395355, 9.202583312988281, 5.687339782714844
253, -0.295816034078598, 7.601066589355469, 4.083199501037598
254, -0.15636596083641052, 6.238304138183594, 3.144944429397583
255, -0.3108459413051605, 4.424400329589844, 2.298034429550171
256, -0.2842956483364105, 4.419120788574219, 1.3977530002593994
257, -0.13598021864891052, 4.568107604980469, 1.932544231414795
258, -0.258889764547348, 3.3081893920898438, 2.0599169731140137
259, -0.6072479486465454, 6.372444152832031, 2.79482102394104
260, -0.22088012099266052, 9.049827575683594, 4.183543682098389
261, -0.7766510248184204, 10.276359558105469, 5.722775459289551
262, -0.6469360589981079, 10.733940124511719, 6.166252613067627
263, -1.109552025794983, 11.961524963378906, 8.180800437927246
264, -1.4659820795059204, 14.117469787597656, 9.413923263549805
265, -0.9056183099746704, 12.194602966308594, 8.228131294250488
266, -0.8869873285293579, 10.725975036621094, 7.638598442077637
267, -0.7409912347793579, 9.023063659667969, 6.048641681671143
268, -0.5766693353652954, 8.510841369628906, 5.2726969718933105
269, -0.5165191888809204, 6.876701354980469, 3.6558210849761963
270, -0.4557128846645355, 5.631080627441406, 2.868246078491211
271, -0.436044305562973, 5.068122863769531, 2.01350474357605
272, -0.3219543397426605, 6.024543762207031, 1.5895205736160278
273, -0.16379699110984802, 5.272926330566406, 2.2280969619750977
274, -0.438699334859848, 3.5969161987304688, 2.3575873374938965
275, -0.447671502828598, 6.107139587402344, 3.488762140274048
276, -0.5077759027481079, 8.699089050292969, 4.784753799438477
277, -0.7604614496231079, 9.379524230957031, 6.149998188018799
278, -1.078271508216858, 8.780570983886719, 5.976446628570557
279, -0.8185974359512329, 10.342033386230469, 7.8526611328125
280, -0.8685394525527954, 11.688529968261719, 8.694231033325195
281, -0.8349395990371704, 13.535026550292969, 9.558515548706055
282, -0.7932068109512329, 12.011787414550781, 8.701205253601074
283, -0.4554687440395355, 9.360588073730469, 7.135770797729492
284, -0.5414062738418579, 8.786170959472656, 6.553679943084717
285, -0.471932977437973, 7.741218566894531, 5.324293613433838
286, -0.4698730409145355, 7.006141662597656, 4.260518550872803
287, -0.3380981385707855, 6.196281433105469, 3.2910780906677246
288, -0.11722717434167862, 5.451240539550781, 2.971128225326538
289, -0.5454956293106079, 5.535118103027344, 1.6235395669937134
290, -0.2986694276332855, 5.814781188964844, 2.4131698608398438
291, -0.6976715326309204, 4.269783020019531, 1.769377589225769
292, -0.394815057516098, 6.487342834472656, 2.607506275177002
293, -0.6294494867324829, 8.991767883300781, 4.874495506286621
294, -0.8292938470840454, 9.362403869628906, 5.537360191345215
295, -0.9273468255996704, 9.464073181152344, 5.728068828582764
296, -0.6201263666152954, 10.575782775878906, 7.081589698791504
297, -0.7675110101699829, 11.087516784667969, 7.413621425628662
298, -0.9024597406387329, 13.144493103027344, 8.242875099182129
299, -0.9800964593887329, 13.340858459472656, 8.296231269836426
300, -0.421426385641098, 10.804115295410156, 7.1426215171813965
301, -0.6676880121231079, 9.556648254394531, 6.448758125305176
302, -0.7345520257949829, 8.431617736816406, 5.273319721221924
303, -0.426736444234848, 7.795570373535156, 4.87929105758667
304, -0.481637567281723, 6.672767639160156, 3.830026388168335
305, -0.6929870843887329, 5.984657287597656, 3.2599549293518066
306, -0.494607537984848, 5.596595764160156, 2.0832865238189697
307, -0.9015289545059204, 6.950126647949219, 2.2600765228271484
308, -0.12606200575828552, 5.262947082519531, 2.360405206680298
309, -0.06978759914636612, 3.3432235717773438, 2.0482866764068604
310, -0.3161559998989105, 6.706031799316406, 2.691985607147217
311, -0.7871032953262329, 8.496589660644531, 4.59616231918335
312, -0.04888305813074112, 9.578376770019531, 5.57782506942749
313, -0.5104156732559204, 9.885536193847656, 6.001949310302734
314, -0.8060547113418579, 10.488212585449219, 6.805732250213623
315, -0.6204010248184204, 11.959693908691406, 7.543236255645752
316, -0.6125732660293579, 13.300300598144531, 8.52214241027832
317, -0.8199096918106079, 11.763252258300781, 7.4727067947387695
318, -0.5119262933731079, 9.604103088378906, 6.707084655761719
319, -0.375100702047348, 9.181449890136719, 6.670745849609375
