0, -1.0207000970840454, 9.402091979980469, -1.0668423175811768
1, -1.573785424232483, 9.488304138183594, -0.35364198684692383
2, -2.560586452484131, 8.728324890136719, -1.6198651790618896
3, -3.630471706390381, 8.212760925292969, -3.258289098739624
4, -5.836480617523193, 8.407142639160156, -0.8862223625183105
5, -5.602822780609131, 8.393760681152344, 1.73004949092865
6, -5.254098415374756, 7.799568176269531, 4.328416347503662
7, -6.709283351898193, 8.644279479980469, 3.6169445514678955
8, -3.1300597190856934, 6.599983215332031, 6.251058578491211
9, -3.2421507835388184, 6.828224182128906, 5.545814514160156
10, -3.482278347015381, 4.104209899902344, 8.244961738586426
11, -2.780618190765381, 3.1968154907226562, 9.422813415527344
12, -2.847817897796631, 2.1932601928710938, 9.487146377563477
13, -2.354989528656006, 1.3942337036132812, 10.53575611114502
14, -1.922326683998108, 2.1402969360351562, 9.505626678466797
15, -1.6222320795059204, 1.6677780151367188, 9.513940811157227
16, -2.6468443870544434, 0.47277069091796875, 9.868221282958984
17, -2.629067897796631, 1.8323135375976562, 10.25441837310791
18, -0.371896356344223, -0.27216339111328125, 8.523963928222656
19, -0.22300109267234802, 0.09835052490234375, 9.320865631103516
20, -0.2671752870082855, -0.5421829223632812, 9.703917503356934
21, -0.24698790907859802, 0.01012420654296875, 9.87390422821045
22, -0.300515741109848, -1.1850357055664062, 9.230484962463379
23, -1.4864898920059204, -1.0723037719726562, 10.27900218963623
24, -1.478784203529358, -1.1008071899414062, 8.937128067016602
25, -1.533990502357483, -1.3999404907226562, 9.623828887939453
26, -1.512689232826233, -1.3377456665039062, 9.56888484954834
27, -1.377954125404358, -1.3907546997070312, 9.247455596923828
28, -0.8115936517715454, -1.7018661499023438, 11.561884880065918
29, -1.4132171869277954, -2.4402236938476562, 10.06827163696289
30, -0.9009643793106079, 1.1969985961914062, 9.616402626037598
31, -2.0216612815856934, -1.0518417358398438, 9.938361167907715
32, -1.432733178138733, -0.8549880981445312, 9.444937705993652
33, -1.850183129310608, -1.8142318725585938, 9.936087608337402
34, -1.6099029779434204, -0.7234268188476562, 9.916812896728516
35, -0.20794066786766052, -1.4054031372070312, 9.58752155303955
36, -1.837548851966858, -0.46547698974609375, 9.681233406066895
37, -1.5828338861465454, -1.7451553344726562, 9.645517349243164
38, -1.7132049798965454, -1.5779953002929688, 9.623985290527344
39, -1.511285424232483, -0.9791030883789062, 9.797520637512207
40, -1.7629486322402954, -2.2508316040039062, 9.675363540649414
41, -1.7474151849746704, -1.1087722778320312, 9.882965087890625
42, -1.197961449623108, -1.7618026733398438, 8.900555610656738
43, -1.682183861732483, -2.7549514770507812, 9.681856155395508
44, -1.405358910560608, -1.8445663452148438, 9.29807186126709
45, -1.128106713294983, -0.7419204711914062, 9.32654857635498
46, -1.663629174232483, -2.1074447631835938, 9.735539436340332
47, -1.119805932044983, -0.5646438598632812, 9.575159072875977
48, -1.9774261713027954, -3.3860092163085938, 9.471358299255371
49, -1.778527855873108, -2.0454940795898438, 9.748368263244629
50, -1.490625023841858, -0.9173965454101562, 9.472199440002441
51, -1.552941918373108, -1.5043411254882812, 9.658673286437988
52, -1.543267846107483, -1.5718460083007812, 9.651122093200684
53, -1.7125946283340454, -1.7459487915039062, 9.647790908813477
54, -1.768273949623108, -2.1169815063476562, 9.642248153686523
55, -1.468194603919983, -2.2827987670898438, 9.618504524230957
56, -1.5613189935684204, -0.9095993041992188, 9.559014320373535
57, -1.7822357416152954, -1.6396713256835938, 9.592269897460938
58, -1.620080590248108, -3.2013473510742188, 9.778728485107422
59, -1.374719262123108, -1.3860092163085938, 9.201915740966797
60, -1.8321930170059204, -2.4851913452148438, 9.637452125549316
61, -1.2534576654434204, -2.4578170776367188, 9.576560974121094
62, -1.342309594154358, -2.0335922241210938, 9.626133918762207
63, -1.326074242591858, -1.9082565307617188, 9.57825756072998
64, -1.392449975013733, -1.9955978393554688, 9.627861976623535
65, -1.3316742181777954, -1.8597488403320312, 9.586758613586426
66, -1.318414330482483, -1.8241195678710938, 9.66586685180664
67, -1.232873558998108, -1.8472976684570312, 9.610502243041992
68, -1.2883697748184204, -1.7281570434570312, 9.67136287689209
69, -1.073571801185608, -1.4009628295898438, 9.615951538085938
70, -1.077233910560608, -1.3312606811523438, 9.771021842956543
71, -1.049340844154358, -1.3904495239257812, 9.751730918884277
72, -0.9076477289199829, -1.3021926879882812, 9.812047004699707
73, -1.0241791009902954, -1.2841110229492188, 9.67181396484375
74, -1.1048370599746704, -1.3584060668945312, 9.681934356689453
75, -1.0436493158340454, -1.3527603149414062, 9.743184089660645
76, -1.0453888177871704, -1.4073257446289062, 9.689422607421875
77, -1.077417016029358, -1.3235244750976562, 9.812918663024902
78, -1.083154320716858, -1.4239273071289062, 9.656088829040527
79, -1.079766869544983, -1.3734054565429688, 9.718039512634277
80, -1.020074486732483, -1.5335159301757812, 9.732706069946289
81, -1.0675445795059204, -1.5131912231445312, 9.703107833862305
82, -1.063501000404358, -1.4843063354492188, 9.680174827575684
83, -1.018731713294983, -1.4407119750976562, 9.76463794708252
84, -1.0015960931777954, -1.5393753051757812, 9.69266128540039
85, -0.9650665521621704, -1.4814987182617188, 9.703062057495117
86, -0.9529663324356079, -1.4174270629882812, 9.747076034545898
87, -1.0662628412246704, -1.4663009643554688, 9.742125511169434
88, -0.9776092767715454, -1.4853439331054688, 9.769387245178223
89, -0.8692260980606079, -1.4835433959960938, 9.672545433044434
90, -0.9366699457168579, -1.4304580688476562, 9.737874984741211
91, -0.9984985589981079, -1.4627304077148438, 9.71363353729248
92, -0.9315735101699829, -1.3856277465820312, 9.75926685333252
93, -0.8520599603652954, -1.4409103393554688, 9.752914428710938
94, -0.9612976312637329, -1.4522781372070312, 9.723893165588379
95, -0.9645782709121704, -1.4000930786132812, 9.755047798156738
96, -0.8955627679824829, -1.3882369995117188, 9.707778930664062
97, -0.9390503168106079, -1.3877487182617188, 9.742950439453125
98, -0.9806305170059204, -1.3760299682617188, 9.728096961975098
99, -0.9419189691543579, -1.4227523803710938, 9.77016544342041
100, -0.8282562494277954, -1.4523849487304688, 9.69568157196045
101, -0.8953491449356079, -1.4519424438476562, 9.739727020263672
102, -0.8486419916152954, -1.4256515502929688, 9.666815757751465
103, -0.8469635248184204, -1.3451461791992188, 9.758052825927734
104, -0.8269287347793579, -1.5206985473632812, 9.748072624206543
105, -0.8621155023574829, -1.3542709350585938, 9.70166015625
106, -0.7866150140762329, -1.3285293579101562, 9.737282752990723
107, -0.7570434808731079, -1.4517745971679688, 9.734247207641602
108, -0.6500793695449829, -1.5082015991210938, 9.760839462280273
109, -0.6442047357559204, -1.4076919555664062, 9.728408813476562
110, -0.5266968011856079, -1.4401016235351562, 9.813074111938477
111, -0.4638915956020355, -1.4385452270507812, 9.755904197692871
112, -0.420358270406723, -1.4720993041992188, 9.771551132202148
113, -0.5182586908340454, -1.3820571899414062, 9.783679962158203
114, -0.413705438375473, -1.4660568237304688, 9.73505687713623
115, -0.311044305562973, -1.4329147338867188, 9.777389526367188
116, -0.299752801656723, -1.3195571899414062, 9.684674263000488
117, -0.417947381734848, -1.2592544555664062, 9.72647762298584
118, -0.7647949457168579, -1.6565780639648438, 9.835370063781738
119, -0.404977411031723, -1.3198471069335938, 9.784940719604492
120, -0.5451599359512329, -1.6431503295898438, 9.747885704040527
121, -0.6559845209121704, -1.5061264038085938, 9.734729766845703
122, -0.7369629144668579, -1.4229507446289062, 9.74371337890625
123, -0.6204773187637329, -1.4325637817382812, 9.634151458740234
124, -0.6567169427871704, -1.4076614379882812, 9.842936515808105
125, -0.2873474061489105, -1.6158065795898438, 9.734698295593262
126, -0.7307983636856079, -1.4887771606445312, 9.796477317810059
127, -0.9193512201309204, -1.5027847290039062, 9.79932689666748
128, -0.6404968500137329, -1.6660385131835938, 9.797178268432617
129, -0.6850830316543579, -1.6279067993164062, 9.67660903930664
130, -0.6976867914199829, -1.7761917114257812, 9.786528587341309
131, -0.6784454584121704, -1.6815109252929688, 9.714006423950195
132, -0.6327759027481079, -1.5624160766601562, 9.724438667297363
133, -0.7781006097793579, -1.5571670532226562, 9.7276611328125
134, -0.6109558343887329, -1.7770767211914062, 9.760886192321777
135, -0.5727173089981079, -1.7222366333007812, 9.70742130279541
136, -0.6113525629043579, -1.7785415649414062, 9.660868644714355
137, -0.496011346578598, -1.7355117797851562, 9.66960334777832
138, -0.5740906000137329, -1.6416702270507812, 9.737812042236328
139, -0.6233459711074829, -1.6046676635742188, 9.678680419921875
140, -0.6055084466934204, -1.9293289184570312, 9.688971519470215
141, -0.5327850580215454, -2.2975845336914062, 9.613133430480957
142, -0.5043274164199829, -2.1454849243164062, 9.56899356842041
143, -0.5149170160293579, -2.2972640991210938, 9.584392547607422
144, -0.4386535584926605, -2.2491226196289062, 9.621337890625
145, -0.4595580995082855, -2.1746902465820312, 9.614036560058594
146, -0.493814080953598, -2.1089401245117188, 9.605846405029297
147, -0.5209289789199829, -2.4651107788085938, 9.600942611694336
148, -0.2976318299770355, -2.5140151977539062, 9.5454683303833
149, -0.4551940858364105, -2.0307540893554688, 9.65707015991211
150, -0.5066467523574829, -2.0090866088867188, 9.626429557800293
151, -0.5401245355606079, -2.5942459106445312, 9.552895545959473
152, -0.6002899408340454, -2.6386489868164062, 9.53235912322998
153, -0.4660583436489105, -2.3349533081054688, 9.601533889770508
154, -0.5159240961074829, -2.1150894165039062, 9.64710521697998
155, -0.4309326112270355, -2.1536636352539062, 9.559371948242188
156, -0.4807678163051605, -2.2177200317382812, 9.525213241577148
157, -0.3794189393520355, -2.1533279418945312, 9.580032348632812
158, -0.4752746522426605, -2.2607650756835938, 9.626958847045898
159, -0.22585448622703552, -2.9275588989257812, 9.434366226196289
160, -0.13346251845359802, -2.6453781127929688, 9.603231430053711
161, -0.4519897401332855, -2.0418777465820312, 9.63715648651123
162, -0.5159698724746704, -2.5007705688476562, 9.51490592956543
163, -0.15137633681297302, -3.4983444213867188, 9.5281400680542
164, -0.5616852045059204, -2.1632461547851562, 9.611934661865234
165, -0.385171502828598, -2.5633010864257812, 9.727972984313965
166, -0.6694275140762329, -1.5656661987304688, 9.56385612487793
167, -0.5313507318496704, -2.4129104614257812, 9.539708137512207
168, -0.391793817281723, -2.3461074829101562, 9.635007858276367
169, -0.5434204339981079, -2.3488082885742188, 9.856185913085938
170, -0.6189972162246704, -2.0278854370117188, 10.05103588104248
171, -0.7964569330215454, -0.40546417236328125, 10.683197975158691
172, -0.3181396424770355, 0.44034576416015625, 10.342416763305664
173, -0.8815704584121704, 0.8910598754882812, 10.138426780700684
174, -0.8029419183731079, 2.1263504028320312, 10.288079261779785
175, -1.6686187982559204, 3.0351638793945312, 10.362858772277832
176, -1.187371850013733, 4.550727844238281, 9.037363052368164
177, -0.8070465326309204, 6.185005187988281, 5.885132312774658
178, -1.137719750404358, 6.380912780761719, 5.95880651473999
179, -0.9263092279434204, 7.341316223144531, 5.170094966888428
180, -0.7670532464981079, 8.207466125488281, 5.020800590515137
181, -0.7155243158340454, 9.027458190917969, 3.7652268409729004
182, -0.8412414789199829, 8.889778137207031, 3.2082648277282715
183, -0.7085205316543579, 8.783638000488281, 0.9440313577651978
184, -0.9001556634902954, 10.184806823730469, -0.2200881838798523
185, -0.6841827630996704, 9.773918151855469, 0.4433058202266693
186, -0.5876404047012329, 9.169013977050781, 1.8718394041061401
187, -0.473855584859848, 7.889671325683594, 4.115225791931152
188, -1.492334008216858, 7.673286437988281, 5.043905735015869
189, -1.332849144935608, 6.609336853027344, 6.504278659820557
190, -1.3320099115371704, 6.296348571777344, 7.165383815765381
191, -1.1192413568496704, 5.399909973144531, 8.626333236694336
192, -1.1146332025527954, 4.194404602050781, 9.424728393554688
193, -0.9672333002090454, 2.5432815551757812, 9.97133731842041
194, -0.483743280172348, 0.03443145751953125, 10.620749473571777
195, 0.20427551865577698, -0.22771453857421875, 10.577186584472656
196, 0.3029541075229645, -0.7792739868164062, 10.439257621765137
197, 0.3179992735385895, -0.43433380126953125, 10.539493560791016
198, -0.12786254286766052, -0.40338897705078125, 11.228857040405273
199, -0.411935418844223, 1.3314132690429688, 11.666760444641113
200, -0.6668335199356079, 3.1444778442382812, 9.786622047424316
201, -0.9612518548965454, 3.9213027954101562, 9.047327995300293
202, -0.5295501947402954, 5.783470153808594, 7.173137187957764
203, -0.5889831781387329, 6.274467468261719, 6.386558532714844
204, -0.8155609369277954, 7.246849060058594, 5.835326194763184
205, -1.337823510169983, 7.946983337402344, 4.614534378051758
206, -0.8515869379043579, 8.672599792480469, 4.6802215576171875
207, -0.7464996576309204, 8.262687683105469, 2.854311466217041
208, -1.119592308998108, 9.650657653808594, -0.9704681038856506
209, -0.6063629388809204, 10.564582824707031, -1.481562852859497
210, -0.8461548089981079, 10.026222229003906, -0.1639140099287033
211, -0.6106353998184204, 9.458015441894531, 1.1060925722122192
212, -0.7186523675918579, 7.892448425292969, 3.6550426483154297
213, -0.8609710931777954, 7.437690734863281, 5.044435024261475
214, -1.0669342279434204, 6.926048278808594, 6.433842658996582
215, -0.6556793451309204, 6.196662902832031, 6.723790645599365
216, -0.5170379877090454, 5.050697326660156, 9.019240379333496
217, -0.297738641500473, 3.5960311889648438, 9.74942684173584
218, -0.5258423089981079, 1.2463455200195312, 10.444815635681152
219, -0.08443603664636612, 0.8805313110351562, 10.94289493560791
220, -0.02712402492761612, -1.5062179565429688, 11.034520149230957
221, -0.06754455715417862, -1.7586441040039062, 10.729002952575684
222, 0.02486266940832138, -1.3095474243164062, 11.881990432739258
223, -0.4085937440395355, 1.8555679321289062, 11.708688735961914
224, -0.9176880121231079, 3.3158950805664062, 9.237055778503418
225, -0.5923706293106079, 4.160072326660156, 8.522578239440918
226, -0.7123199701309204, 5.625038146972656, 7.179738521575928
227, -1.2111908197402954, 6.612861633300781, 6.355186462402344
228, -1.1316925287246704, 7.626960754394531, 5.635602951049805
229, -1.2204071283340454, 7.914741516113281, 5.089009761810303
230, -1.1447235345840454, 8.237800598144531, 4.079322814941406
231, -1.1025482416152954, 8.838905334472656, 3.015594244003296
232, -1.2261749505996704, 9.047813415527344, -0.09199922531843185
233, -0.7451568841934204, 10.019737243652344, -1.174083948135376
234, -0.7711426019668579, 9.971763610839844, -1.0821313858032227
235, -0.6516052484512329, 9.968360900878906, 0.11614727228879929
236, -0.7976166009902954, 8.681419372558594, 2.7885777950286865
237, -0.6402527093887329, 9.020347595214844, 3.8943746089935303
238, -0.4877258241176605, 7.521095275878906, 5.731821060180664
239, -0.9389282464981079, 6.860023498535156, 5.977614402770996
240, -0.8697296380996704, 6.064643859863281, 7.155450344085693
241, -0.6021515130996704, 5.422538757324219, 8.042451858520508
242, -0.4782348573207855, 2.9181289672851562, 9.665523529052734
243, -0.6450134515762329, 2.0604019165039062, 10.319249153137207
244, -0.429452508687973, 0.8359451293945312, 11.012754440307617
245, -0.295419305562973, -0.8807601928710938, 11.127687454223633
246, -0.4626098573207855, -2.1808395385742188, 10.592491149902344
247, -0.364480584859848, -1.6736984252929688, 10.870902061462402
248, -0.408456414937973, 1.7333145141601562, 10.833192825317383
249, -0.4002929627895355, 2.7070388793945312, 10.352972984313965
250, -0.8286682367324829, 3.2670974731445312, 9.577152252197266
251, -0.6077972650527954, 4.844902038574219, 8.584964752197266
252, -0.7536407709121704, 5.729042053222656, 7.853875637054443
253, -0.7002655267715454, 6.694648742675781, 5.780241966247559
254, -0.6977020502090454, 6.968696594238281, 5.717637538909912
255, -1.1329742670059204, 7.591209411621094, 5.264071464538574
256, -1.0348602533340454, 8.406929016113281, 5.098491668701172
257, -1.5772796869277954, 8.791709899902344, 3.7448933124542236
258, -1.291314721107483, 8.909629821777344, 3.1279425621032715
259, -1.220483422279358, 9.376136779785156, 0.9162089228630066
260, -1.237695336341858, 9.600669860839844, -0.012953690253198147
261, -1.312585473060608, 10.289314270019531, 0.35390666127204895
262, -0.7239319086074829, 9.441703796386719, 1.0357969999313354
263, -0.9019562005996704, 8.403190612792969, 3.7704737186431885
264, -1.046899437904358, 8.177787780761719, 4.532530784606934
265, -1.304498314857483, 6.955711364746094, 6.095427513122559
266, -1.147363305091858, 6.616706848144531, 6.605385780334473
267, -0.3108154237270355, 5.660896301269531, 7.759852409362793
268, -0.8272033929824829, 4.850883483886719, 8.458059310913086
269, -0.263864129781723, 2.9535598754882812, 9.59546184539795
270, -0.3266540467739105, 2.9987106323242188, 10.31884479522705
271, -0.23099669814109802, 1.4722671508789062, 10.557397842407227
272, -0.279916375875473, 0.05146026611328125, 10.5547513961792
273, -0.386056512594223, -1.8450088500976562, 10.114278793334961
274, -0.440896600484848, -2.7598037719726562, 10.197574615478516
275, -0.346536248922348, -2.1970748901367188, 10.258591651916504
276, -0.5808960199356079, -2.1045303344726562, 10.928321838378906
277, -0.21476134657859802, 2.1624679565429688, 11.13994026184082
278, -0.6954437494277954, 3.0717697143554688, 10.186505317687988
279, -0.04097900539636612, 4.032157897949219, 8.439188957214355
280, -0.7654968500137329, 5.360557556152344, 7.564005374908447
281, -0.7752014398574829, 6.743644714355469, 6.296319007873535
282, -0.6779724359512329, 7.488548278808594, 5.868706703186035
283, -0.4715515077114105, 7.913841247558594, 5.224665641784668
284, -0.9926849603652954, 7.908561706542969, 4.696662425994873
285, -0.7726074457168579, 8.534049987792969, 2.943150043487549
286, -0.395516961812973, 8.718818664550781, 1.3913228511810303
287, -0.9173218011856079, 10.752616882324219, -1.5009466409683228
288, -0.6366363763809204, 10.390937805175781, -0.9012312293052673
289, -0.6022583246231079, 9.579048156738281, 1.065051794052124
290, -0.4505859315395355, 8.618797302246094, 2.288007974624634
291, -0.4324279725551605, 7.906517028808594, 4.734698295593262
292, -0.5857635736465454, 7.437919616699219, 5.7350754737854
293, -0.5301605463027954, 6.487373352050781, 6.763741493225098
294, -0.7268310785293579, 5.807075500488281, 6.979937553405762
295, -0.6032501459121704, 4.508903503417969, 9.17653751373291
296, -0.6844269037246704, 3.3536300659179688, 9.858443260192871
297, -0.6213012933731079, 2.0981216430664062, 10.82182788848877
298, -0.5557800531387329, 0.37511444091796875, 10.376668930053711
299, 0.05434264987707138, -0.7154312133789062, 10.484518051147461
300, -0.17441710829734802, -2.3087387084960938, 10.194554328918457
301, -0.19074401259422302, -1.9676437377929688, 10.091875076293945
302, -0.16811522841453552, -2.1521530151367188, 10.222189903259277
303, -0.15328368544578552, -2.0061721801757812, 10.939205169677734
304, -0.4036804139614105, 1.8742599487304688, 11.061860084533691
305, 0.11166992038488388, 2.7320938110351562, 9.907299995422363
306, -0.9098449945449829, 3.8831405639648438, 8.808151245117188
307, -0.7037597894668579, 4.863609313964844, 8.360642433166504
308, -0.8659301996231079, 5.919700622558594, 7.310956954956055
309, -0.7218109369277954, 6.298484802246094, 6.002042770385742
310, -0.8010193109512329, 7.363395690917969, 5.554253101348877
311, -0.5673156976699829, 8.328666687011719, 5.032960414886475
312, -1.0547882318496704, 8.540824890136719, 4.438647270202637
313, -0.6968780755996704, 8.628944396972656, 3.954939126968384
314, -1.259393334388733, 9.385749816894531, 0.466971218585968
315, -1.5524688959121704, 10.271537780761719, -0.8399347066879272
316, -1.581872582435608, 9.720191955566406, 0.15837132930755615
317, -1.351434350013733, 8.790138244628906, 1.3822615146636963
318, -2.0490050315856934, 8.453208923339844, 4.204188823699951
319, -1.2649017572402954, 8.128974914550781, 4.913792610168457
320, -1.4706512689590454, 6.748970031738281, 6.318458557128906
321, -0.8698211908340454, 6.017005920410156, 6.920835971832275
322, -0.9203735589981079, 5.005134582519531, 8.797143936157227
323, -1.1581817865371704, 3.1230392456054688, 9.654111862182617
324, -0.9701019525527954, 2.5338058471679688, 10.220104217529297
325, -0.6157013177871704, 0.6228408813476562, 10.366891860961914
326, -0.2536559998989105, -1.1740341186523438, 11.108833312988281
327, -0.19309386610984802, -1.2475204467773438, 9.979947090148926
328, 0.03421630710363388, -2.7738113403320312, 10.122344017028809
329, -0.3075500428676605, -2.4961471557617188, 10.463764190673828
330, -0.3543029725551605, -0.6110763549804688, 10.90439224243164
331, -0.3179870545864105, 1.8031082153320312, 11.066437721252441
332, -1.247186303138733, 3.5664749145507812, 9.196949005126953
333, -0.5566040277481079, 4.468116760253906, 9.195002555847168
334, -0.8721863031387329, 5.640983581542969, 6.804782390594482
335, -1.1956878900527954, 6.371482849121094, 5.818386554718018
336, -0.9175964593887329, 7.697441101074219, 6.123592376708984
337, -0.8636718988418579, 7.825950622558594, 5.153731822967529
338, -0.9247223138809204, 8.416984558105469, 4.446977138519287
339, -0.6879364252090454, 8.341957092285156, 3.1456916332244873
340, -1.0816437005996704, 8.739982604980469, 0.3568025529384613
341, -1.204034447669983, 9.961647033691406, -1.0363107919692993
342, -1.2163482904434204, 10.249458312988281, -3.2255935668945312
343, -1.067071557044983, 10.307975769042969, -2.5602378845214844
344, -1.0172210931777954, 9.268013000488281, 0.308319628238678
345, -1.290460228919983, 8.810493469238281, 1.4728751182556152
346, -1.200494408607483, 8.210151672363281, 4.124224662780762
347, -1.325524926185608, 7.642265319824219, 5.388595104217529
348, -1.703454613685608, 7.364280700683594, 6.1366705894470215
349, -1.696557641029358, 6.451026916503906, 6.389392375946045
350, -0.8215728998184204, 4.688240051269531, 8.329876899719238
351, -1.0111175775527954, 3.9114303588867188, 9.297557830810547
352, -0.8606659173965454, 2.6741104125976562, 10.085771560668945
353, -0.5615936517715454, 1.2917251586914062, 10.482913970947266
354, -0.3368164002895355, 0.03226470947265625, 11.042819023132324
355, -0.16066893935203552, -1.8524856567382812, 10.392160415649414
356, -0.15094909071922302, -2.3882522583007812, 10.304489135742188
357, -0.3179565370082855, -2.0373153686523438, 11.059773445129395
358, -0.346841424703598, -1.1622390747070312, 11.563722610473633
359, -0.7333465814590454, 2.5856552124023438, 9.876909255981445
360, -0.449227899312973, 3.9140090942382812, 9.434039115905762
361, -0.9255615472793579, 5.426124572753906, 8.161806106567383
362, -0.8989197015762329, 5.691703796386719, 7.221059799194336
363, -1.230371117591858, 6.918388366699219, 5.617371082305908
364, -1.1851288080215454, 7.703529357910156, 5.657431125640869
365, -1.372308373451233, 7.960227966308594, 4.732721328735352
366, -1.681542992591858, 8.679847717285156, 4.908748149871826
367, -1.4010406732559204, 8.530418395996094, 2.05999493598938
368, -1.375238060951233, 9.467491149902344, 0.9441714882850647
369, -1.3280426263809204, 9.846138000488281, -1.0311884880065918
370, -1.2485138177871704, 10.015007019042969, -1.8316394090652466
371, -1.234796166419983, 9.907218933105469, -0.5567595958709717
372, -0.8059173822402954, 9.562019348144531, 0.4824938476085663
373, -1.3083893060684204, 8.803916931152344, 3.0079185962677
374, -1.051538109779358, 8.119209289550781, 4.088835716247559
375, -0.9315735101699829, 7.691627502441406, 5.878266334533691
376, -1.730859398841858, 7.090309143066406, 6.090756893157959
377, -1.597955346107483, 5.907112121582031, 7.267269611358643
378, -1.3576446771621704, 5.127647399902344, 7.7956461906433105
379, -1.1148468255996704, 4.006477355957031, 9.067926406860352
380, -1.0884796380996704, 2.4634780883789062, 9.774384498596191
381, -0.18326720595359802, 1.8330459594726562, 10.790626525878906
382, -0.3887268006801605, -0.38916778564453125, 10.719693183898926
383, 0.03102722018957138, -1.1362686157226562, 10.30817985534668
384, -0.08417663723230362, -2.2711410522460938, 10.185166358947754
385, -0.04442749172449112, -2.0904617309570312, 9.981752395629883
386, -0.343789666891098, -2.1847000122070312, 10.657508850097656
387, -0.365548700094223, 0.7298202514648438, 10.8898344039917
388, -0.8068634271621704, 2.3071212768554688, 11.108552932739258
389, -0.8093811273574829, 3.5913162231445312, 9.278656959533691
390, -0.7257782220840454, 4.552970886230469, 8.544655799865723
391, -0.7670227289199829, 5.790977478027344, 6.887144088745117
392, -0.8570801019668579, 6.635017395019531, 6.327395439147949
393, -0.6464782953262329, 7.754447937011719, 5.772316932678223
394, -0.8733459711074829, 7.791526794433594, 5.26919412612915
395, -0.9422546625137329, 8.331718444824219, 4.029173851013184
396, -1.1025482416152954, 9.107582092285156, 4.224911689758301
397, -0.7010437250137329, 9.071800231933594, 2.3281612396240234
398, -0.8047729730606079, 8.898780822753906, 1.2895150184631348
399, -1.075433373451233, 9.978019714355469, -1.5389513969421387
400, -1.101464867591858, 10.282295227050781, -2.7443764209747314
401, -1.119409203529358, 10.274650573730469, -1.8290860652923584
402, -0.9103790521621704, 9.713310241699219, -0.7683936357498169
403, -0.7869201898574829, 9.466972351074219, 0.4975960850715637
404, -1.1136871576309204, 8.769279479980469, 2.8078057765960693
405, -0.9285064935684204, 8.357139587402344, 4.087870121002197
406, -1.4957977533340454, 7.959892272949219, 5.755579948425293
407, -1.4718109369277954, 7.115348815917969, 5.687121868133545
408, -1.5599151849746704, 6.224143981933594, 6.6106791496276855
409, -1.671746850013733, 5.419395446777344, 7.490922927856445
410, -1.023187279701233, 4.419258117675781, 8.706966400146484
411, -1.225091576576233, 3.1039352416992188, 9.937676429748535
412, -0.5228363275527954, 1.3559188842773438, 11.114593505859375
413, -0.4692016541957855, -0.33368682861328125, 10.06782054901123
414, -0.385964959859848, -1.4218978881835938, 10.647513389587402
415, -0.4355712831020355, -2.8654403686523438, 10.295817375183105
416, -0.3845153748989105, -2.8370590209960938, 10.146632194519043
417, -0.21746215224266052, -1.9578781127929688, 10.952781677246094
418, -0.7928863763809204, 1.5698623657226562, 10.865826606750488
419, -0.423776239156723, 3.0990829467773438, 10.25876235961914
420, -1.4902740716934204, 4.293296813964844, 9.474939346313477
421, -0.7111450433731079, 4.751121520996094, 8.016637802124023
422, -1.550836205482483, 6.321220397949219, 6.3792724609375
423, -1.2968231439590454, 6.629402160644531, 6.164524555206299
424, -1.0292755365371704, 7.791038513183594, 5.466831207275391
425, -1.0751739740371704, 8.178382873535156, 4.964564323425293
426, -0.9899841547012329, 8.357398986816406, 4.38775110244751
427, -1.1264740228652954, 8.653129577636719, 3.6036014556884766
428, -1.2450348138809204, 8.767219543457031, 1.0256147384643555
429, -1.542749047279358, 9.500968933105469, -0.09361843764781952
430, -1.2858062982559204, 10.357368469238281, -2.697824001312256
431, -1.0304352045059204, 10.234947204589844, -2.838524103164673
432, -0.9630981683731079, 9.715415954589844, -0.46977367997169495
433, -1.2977081537246704, 9.544700622558594, 0.6980980634689331
434, -1.163995385169983, 8.711036682128906, 2.9563839435577393
435, -1.439477562904358, 8.374565124511719, 4.2653608322143555
436, -1.2695404291152954, 7.840980529785156, 5.754319190979004
437, -1.2396332025527954, 7.070716857910156, 6.113270282745361
438, -0.9905182123184204, 6.087242126464844, 6.70042085647583
439, -1.050469994544983, 5.546852111816406, 6.894383907318115
440, -1.461816430091858, 4.780372619628906, 8.75644588470459
441, -1.2366729974746704, 3.5237808227539062, 10.029784202575684
442, -0.6196228265762329, 1.7688217163085938, 10.855270385742188
443, -0.5219818353652954, -0.06861114501953125, 10.718743324279785
444, -0.01140747219324112, -0.46019744873046875, 10.424622535705566
445, -0.13349303603172302, -2.1487655639648438, 10.169425964355469
446, -0.17014464735984802, -2.4213180541992188, 10.092201232910156
447, -0.331124871969223, -3.0731277465820312, 10.23322868347168
448, -0.3239379823207855, -0.7617111206054688, 11.20257568359375
449, -0.6281372308731079, 2.1527175903320312, 10.726465225219727
450, -1.799768090248108, 3.6115798950195312, 9.683008193969727
451, -1.377465844154358, 4.199012756347656, 9.249044418334961
452, -1.0759979486465454, 5.711601257324219, 6.489394187927246
453, -1.107659935951233, 6.212379455566406, 6.047816753387451
454, -0.9218078851699829, 7.911689758300781, 6.148067474365234
455, -1.117639183998108, 7.582466125488281, 5.596804141998291
456, -1.1780792474746704, 8.593772888183594, 4.985925197601318
457, -1.1631256341934204, 8.049568176269531, 4.531035900115967
458, -0.8048797845840454, 8.363380432128906, 3.4683351516723633
459, -0.8622070550918579, 8.999641418457031, 0.7759914398193359
460, -1.2743927240371704, 9.820152282714844, 0.10616732388734818
461, -0.9920440912246704, 10.575965881347656, -2.329749345779419
462, -1.1912933588027954, 10.237663269042969, -2.0539228916168213
463, -1.232446312904358, 9.902366638183594, -0.4713461995124817
464, -1.058892846107483, 9.370780944824219, 0.7390298247337341
465, -1.1713958978652954, 8.610755920410156, 3.022071123123169
466, -1.5291534662246704, 8.547035217285156, 4.461892604827881
467, -1.592980980873108, 7.690193176269531, 5.734841823577881
468, -1.6407257318496704, 7.348426818847656, 5.691558837890625
469, -1.059594750404358, 6.321739196777344, 6.750461101531982
470, -1.4074798822402954, 5.571006774902344, 7.002684116363525
471, -1.393243432044983, 5.275718688964844, 8.546041488647461
472, -1.303369164466858, 4.187355041503906, 9.508771896362305
473, -0.8944336175918579, 1.9790420532226562, 10.60449504852295
474, -0.3434081971645355, 1.1596450805664062, 10.868955612182617
475, -0.4526611268520355, -0.30385589599609375, 9.664947509765625
476, -0.383432000875473, -1.6450119018554688, 10.610722541809082
477, -0.21595153212547302, -2.4509506225585938, 9.916672706604004
478, -0.08057556301355362, -2.6407546997070312, 10.013514518737793
479, -0.10801086574792862, -1.5572586059570312, 11.18165111541748
480, -0.3471618592739105, 0.7453231811523438, 10.857808113098145
481, -2.119119167327881, 2.3587570190429688, 10.385403633117676
482, 0.415457159280777, 4.354042053222656, 9.181239128112793
483, -0.7018829584121704, 5.593772888183594, 7.470776557922363
484, -0.7791839838027954, 6.148704528808594, 6.690581321716309
485, -1.0010467767715454, 6.737831115722656, 5.98292350769043
486, -1.2396637201309204, 7.121315002441406, 6.1232500076293945
487, -1.293573021888733, 7.954429626464844, 4.996201038360596
488, -1.3197723627090454, 8.494209289550781, 4.970760822296143
489, -1.322259545326233, 8.801780700683594, 3.262446165084839
490, -1.294549584388733, 8.814155578613281, 2.607848882675171
491, -1.440698266029358, 10.166221618652344, 0.3324053883552551
492, -1.237146019935608, 9.837181091308594, -0.8456019759178162
493, -1.3056122064590454, 10.663734436035156, -1.859991192817688
494, -1.1659332513809204, 10.153755187988281, -1.2259764671325684
495, -0.8952728509902954, 9.357582092285156, 0.8737668991088867
496, -1.4640594720840454, 8.989494323730469, 2.0931575298309326
497, -1.449914574623108, 8.371696472167969, 4.540159702301025
498, -1.241876244544983, 7.597282409667969, 5.220882415771484
499, -1.658929467201233, 6.861839294433594, 6.1157145500183105
500, -1.467889428138733, 6.157600402832031, 6.578030586242676
501, -1.155908226966858, 5.357719421386719, 7.588791847229004
502, -1.2664276361465454, 4.960777282714844, 8.21469497680664
503, -1.2722870111465454, 3.0502243041992188, 10.016939163208008
504, -0.7129608392715454, 2.6187210083007812, 10.75308895111084
505, -0.15625914931297302, 0.6182785034179688, 10.458298683166504
506, -0.01738891750574112, -1.1690597534179688, 9.963505744934082
507, -0.20681151747703552, -2.2531814575195312, 9.963210105895996
508, -0.08104858547449112, -2.9813156127929688, 9.950722694396973
509, -0.13251647353172302, -2.9147262573242188, 9.861199378967285
510, -0.3447509706020355, -2.3487625122070312, 10.401704788208008
511, -0.21981200575828552, 0.41326141357421875, 10.626090049743652
512, -0.9366394281387329, 1.5532760620117188, 10.618351936340332
513, -1.067529320716858, 2.8750686645507812, 10.572188377380371
514, -1.139123558998108, 3.9878005981445312, 9.052154541015625
515, -1.0324493646621704, 4.950538635253906, 8.57414436340332
516, -1.3046356439590454, 6.264411926269531, 6.423862934112549
517, -1.193017601966858, 6.924766540527344, 6.303683280944824
518, -1.0688568353652954, 7.451698303222656, 5.236607074737549
519, -1.213189721107483, 7.901695251464844, 5.254885673522949
520, -1.404931664466858, 8.316810607910156, 4.801661968231201
521, -1.3156219720840454, 8.659431457519531, 4.618286609649658
522, -1.1543976068496704, 8.480430603027344, 3.725602865219116
523, -1.4512726068496704, 8.269996643066406, 2.0338072776794434
524, -1.378930687904358, 9.846046447753906, -0.12315347790718079
525, -1.312615990638733, 10.259910583496094, -0.8518919944763184
526, -1.0700775384902954, 10.352088928222656, -1.0488440990447998
527, -0.9270111322402954, 9.920707702636719, 0.13576464354991913
528, -1.458520531654358, 8.931327819824219, 2.3320534229278564
529, -1.3423858880996704, 8.494255065917969, 3.174199104309082
530, -1.928735375404358, 7.647926330566406, 5.006944179534912
531, -1.4974151849746704, 7.470161437988281, 6.003755569458008
532, -1.4881988763809204, 6.429191589355469, 6.760456562042236
533, -1.5296722650527954, 5.840782165527344, 7.169136047363281
534, -1.0683990716934204, 4.917289733886719, 7.540558338165283
535, -1.2059112787246704, 4.827156066894531, 9.052091598510742
536, -0.7233978509902954, 2.6134567260742188, 10.415498733520508
537, -0.7678619623184204, 1.6733016967773438, 10.442028999328613
538, -0.22351989150047302, -0.39510345458984375, 9.807547569274902
539, -0.02677307277917862, -0.05907440185546875, 10.369087219238281
540, -0.4165893495082855, -2.4689254760742188, 10.025004386901855
541, -0.20546874403953552, -2.7463455200195312, 10.018838882446289
542, -0.23935851454734802, -1.4958724975585938, 10.771149635314941
543, -0.12380371242761612, -0.27832794189453125, 11.14311695098877
544, -0.8800293207168579, 3.2058944702148438, 9.92657470703125
545, -0.7284485101699829, 4.332572937011719, 9.144729614257812
546, -0.9823852777481079, 5.737174987792969, 7.455378532409668
547, -1.271295189857483, 5.606986999511719, 6.536055564880371
548, -1.7548004388809204, 7.463523864746094, 5.406484127044678
549, -1.1970611810684204, 8.150962829589844, 5.620391368865967
550, -1.0998626947402954, 8.305107116699219, 4.466345310211182
551, -0.8124786615371704, 8.467079162597656, 3.8511383533477783
552, -0.9973388910293579, 8.801795959472656, 3.503708600997925
553, -0.5563904047012329, 8.501701354980469, 1.647796630859375
554, -1.002069115638733, 9.325904846191406, 0.23923847079277039
555, -0.9265075922012329, 9.581260681152344, -1.1303807497024536
556, -0.4450927674770355, 10.146614074707031, -3.8357248306274414
557, -0.6483856439590454, 10.171165466308594, -4.0341715812683105
558, -0.2935119569301605, 10.144645690917969, -2.2921338081359863
559, -0.5732055902481079, 9.620323181152344, -0.6940655708312988
560, -0.5161377191543579, 9.742744445800781, 0.3044428825378418
561, -0.8491302728652954, 8.918815612792969, 2.9724984169006348
562, -1.1387420892715454, 8.256614685058594, 4.510562419891357
563, -1.1393524408340454, 8.131324768066406, 5.21906042098999
564, -1.3359161615371704, 7.544731140136719, 5.6679558753967285
565, -1.4541717767715454, 6.765373229980469, 6.156599521636963
566, -1.715722680091858, 6.692771911621094, 6.391556262969971
567, -1.832360863685608, 5.464241027832031, 7.522373199462891
568, -1.959344506263733, 5.126808166503906, 8.113261222839355
569, -1.7551361322402954, 3.6330795288085938, 9.269828796386719
570, -1.902581810951233, 2.0642929077148438, 10.543930053710938
571, -1.0871978998184204, 0.16074371337890625, 10.429511070251465
572, -0.7458130121231079, -0.36128997802734375, 10.385061264038086
573, -0.4243408143520355, -2.2185592651367188, 10.439990043640137
574, -0.3708129823207855, -1.7872848510742188, 10.400381088256836
575, -0.23328551650047302, -0.5055313110351562, 11.945108413696289
576, -0.6153351068496704, 2.6808700561523438, 10.662320137023926
577, -1.093072533607483, 4.446632385253906, 8.670378684997559
578, -1.2757049798965454, 5.112266540527344, 8.034293174743652
579, -1.3490692377090454, 6.146812438964844, 6.899459362030029
580, -1.402459740638733, 6.284751892089844, 5.822933197021484
581, -1.2658783197402954, 7.603370666503906, 5.944202423095703
582, -1.520227074623108, 7.528236389160156, 5.716174125671387
583, -1.1857391595840454, 8.411582946777344, 4.605581760406494
584, -1.3848663568496704, 8.730766296386719, 4.692007541656494
585, -1.1347137689590454, 8.656501770019531, 3.329300880432129
586, -1.343042016029358, 8.837577819824219, 2.350534439086914
587, -1.2544952630996704, 9.457130432128906, -0.3693825900554657
588, -1.349084496498108, 10.024467468261719, -1.7849780321121216
589, -1.514855980873108, 10.136177062988281, -2.688840627670288
590, -1.202996850013733, 10.191673278808594, -1.9616745710372925
591, -1.7053314447402954, 9.483482360839844, -0.03085843101143837
592, -1.4827972650527954, 9.849052429199219, 0.8594897985458374
593, -1.744287133216858, 8.561622619628906, 3.020296096801758
594, -1.5640655755996704, 8.404136657714844, 3.7822751998901367
595, -1.983941674232483, 7.615699768066406, 5.67172384262085
596, -1.841210961341858, 7.150016784667969, 5.796153545379639
597, -1.5508819818496704, 6.320732116699219, 6.62959623336792
598, -1.680596947669983, 5.239448547363281, 7.127830505371094
599, -1.725885033607483, 5.045158386230469, 8.040552139282227
600, -2.157296657562256, 4.098609924316406, 9.652274131774902
601, -1.572503685951233, 2.6110000610351562, 10.30687141418457
602, -0.8925873041152954, 0.6167678833007812, 10.474397659301758
603, -0.8039184808731079, -0.44290924072265625, 9.990518569946289
604, -0.3773132264614105, -0.6785812377929688, 10.012299537658691
605, 0.13452759385108948, -2.5248336791992188, 10.143829345703125
606, -0.23221740126609802, -2.3966293334960938, 10.068941116333008
607, -0.331491082906723, -1.2013778686523438, 11.298202514648438
608, -0.16405639052391052, 0.42694854736328125, 11.103025436401367
609, -0.5821930170059204, 3.3579940795898438, 9.39161205291748
610, -1.194482445716858, 4.267494201660156, 8.7363920211792
611, -0.9141632318496704, 5.037025451660156, 8.372833251953125
612, -1.1564422845840454, 5.945045471191406, 6.880744934082031
613, -1.380548119544983, 7.072151184082031, 5.5994038581848145
614, -1.3361297845840454, 7.770057678222656, 6.176138877868652
615, -1.3469940423965454, 7.532417297363281, 5.508276462554932
616, -1.893090844154358, 7.933250427246094, 5.060673713684082
617, -1.7717071771621704, 8.147056579589844, 4.779242515563965
618, -1.833825707435608, 8.688880920410156, 2.5547261238098145
619, -1.547296166419983, 9.379615783691406, 1.7367910146713257
620, -1.2835174798965454, 9.445137023925781, 0.23648269474506378
621, -1.4239898920059204, 10.052467346191406, -0.7587562203407288
622, -1.386560082435608, 10.171913146972656, -2.3061461448669434
623, -1.3724457025527954, 10.245765686035156, -2.35422420501709
624, -1.3414093255996704, 9.846122741699219, -0.8664337396621704
625, -1.3764435052871704, 9.526069641113281, 0.28168049454689026
626, -1.7799774408340454, 8.816596984863281, 2.824932098388672
627, -1.447076439857483, 8.519264221191406, 3.7774176597595215
628, -1.594659447669983, 7.505134582519531, 5.275452613830566
629, -1.2948089838027954, 7.500663757324219, 5.811193943023682
630, -1.718652367591858, 6.568687438964844, 6.764800071716309
631, -1.4817596673965454, 6.044883728027344, 6.72360372543335
632, -1.2116485834121704, 5.316993713378906, 7.659181118011475
633, -1.398492455482483, 5.012718200683594, 8.643038749694824
634, -1.067865014076233, 3.0099105834960938, 10.04132080078125
635, -0.7793213129043579, 1.9923019409179688, 10.488161087036133
636, -0.3380065858364105, -0.02820587158203125, 10.566179275512695
637, 0.11873473972082138, -0.6728286743164062, 10.14695930480957
638, -0.06752929836511612, -1.7303237915039062, 10.347694396972656
639, 0.13397827744483948, -2.4802932739257812, 10.251989364624023
640, -0.03812561184167862, -0.16832733154296875, 11.567848205566406
641, -0.6307770013809204, 1.7159805297851562, 11.212773323059082
642, -0.8079773187637329, 4.251823425292969, 8.84564208984375
643, -1.500970482826233, 4.899650573730469, 8.094998359680176
644, -1.1443878412246704, 5.625801086425781, 6.678670883178711
645, -1.689202904701233, 6.404472351074219, 6.26181697845459
646, -1.8245025873184204, 7.338966369628906, 5.953388690948486
647, -1.712335228919983, 7.681266784667969, 5.834158420562744
648, -1.7056976556777954, 8.130226135253906, 4.728735446929932
649, -1.7195831537246704, 8.386070251464844, 4.874884605407715
650, -1.2512909173965454, 8.677055358886719, 3.4974496364593506
651, -1.492364525794983, 8.978202819824219, 3.0332653522491455
652, -1.427178978919983, 9.156074523925781, 1.372343897819519
653, -1.199182152748108, 9.390632629394531, -0.05491306260228157
654, -1.191980004310608, 9.930534362792969, -2.7561466693878174
655, -1.4554535150527954, 10.287528991699219, -3.525926113128662
656, -1.303918480873108, 9.908546447753906, -2.4144465923309326
657, -1.121911644935608, 9.845756530761719, -1.6614975929260254
658, -1.2615448236465454, 9.268806457519531, 0.9553658366203308
659, -1.7038360834121704, 9.103736877441406, 2.2261977195739746
660, -1.1656585931777954, 8.193260192871094, 4.369114875793457
661, -1.5522857904434204, 8.192634582519531, 4.912453651428223
662, -1.6572662591934204, 7.310050964355469, 5.811552047729492
663, -1.4961029291152954, 6.917747497558594, 6.347884654998779
664, -1.391351342201233, 5.670005798339844, 7.137265682220459
665, -1.7153106927871704, 5.401054382324219, 7.3936614990234375
666, -1.7212921380996704, 5.196449279785156, 8.151124954223633
667, -1.5178619623184204, 3.1704330444335938, 10.316991806030273
668, -1.197167992591858, 1.6262588500976562, 11.103897094726562
669, -0.12371215969324112, -0.14571380615234375, 10.20666790008545
670, -0.01154480129480362, -0.7801132202148438, 10.353968620300293
671, 0.23799744248390198, -1.0766983032226562, 10.267325401306152
672, -0.336923211812973, -1.7607040405273438, 11.015105247497559
673, -0.17704162001609802, 2.1141128540039062, 11.554972648620605
674, -1.0327850580215454, 3.5165023803710938, 9.455726623535156
675, -1.191796898841858, 5.007514953613281, 8.232926368713379
676, -1.1275421380996704, 5.414527893066406, 7.818315029144287
677, -2.025887966156006, 6.320732116699219, 6.107524871826172
678, -1.540643334388733, 7.314811706542969, 5.741551876068115
679, -1.4011932611465454, 8.374488830566406, 5.492645263671875
680, -1.6065155267715454, 8.268165588378906, 5.041647911071777
681, -1.644067406654358, 8.247535705566406, 3.8038699626922607
682, -0.6126190423965454, 8.934989929199219, 3.6981074810028076
683, -0.8400665521621704, 8.964790344238281, 1.359623670578003
684, -1.3045746088027954, 10.086875915527344, 1.3637028932571411
685, -0.9133239984512329, 9.164558410644531, -2.1149702072143555
686, -1.078118920326233, 10.219230651855469, -3.0220866203308105
687, -1.289147973060608, 9.950218200683594, -3.418077230453491
688, -1.344598412513733, 9.899375915527344, -2.676571846008301
689, -1.302789330482483, 9.622764587402344, -0.35071495175361633
690, -1.474176049232483, 9.503227233886719, 0.8722566962242126
691, -1.682672142982483, 8.888313293457031, 2.511692523956299
692, -1.458795189857483, 8.854042053222656, 3.4301435947418213
693, -1.4895111322402954, 7.861015319824219, 4.9553937911987305
694, -1.324334740638733, 7.833412170410156, 5.406064033508301
695, -1.315057396888733, 6.897270202636719, 6.865440368652344
696, -1.158593773841858, 5.408821105957031, 6.741960048675537
697, -1.031091332435608, 5.085456848144531, 7.799990177154541
698, -0.6544281244277954, 5.028022766113281, 9.170388221740723
699, -0.6708770990371704, 3.0981063842773438, 10.097371101379395
700, -0.3448730409145355, 1.8425521850585938, 10.45921802520752
701, -0.17511901259422302, -0.15956878662109375, 10.343615531921387
702, -0.23906859755516052, -0.44890594482421875, 10.0246000289917
703, -0.403268426656723, -2.0182723999023438, 10.183391571044922
704, -0.4580627381801605, -2.2101364135742188, 10.224400520324707
705, 0.09073486179113388, -2.1233291625976562, 10.743497848510742
706, 0.04245605319738388, -0.17415618896484375, 10.22830867767334
707, -0.7974945306777954, 2.4396286010742188, 10.827634811401367
708, -0.8989959955215454, 2.9705429077148438, 9.446183204650879
709, -1.178033471107483, 4.166908264160156, 8.439033508300781
710, -1.184320092201233, 5.203453063964844, 7.243557453155518
711, -0.8695007562637329, 7.132652282714844, 6.924370288848877
712, -1.1111541986465454, 7.017417907714844, 5.86374044418335
713, -1.965600609779358, 7.869956970214844, 5.43988037109375
714, -1.8599334955215454, 8.016975402832031, 5.537250995635986
715, -1.5909210443496704, 8.144432067871094, 5.182737350463867
716, -1.843804955482483, 8.102729797363281, 4.341526031494141
717, -1.5829254388809204, 8.939445495605469, 3.3573880195617676
718, -1.6830841302871704, 9.143440246582031, 3.1296708583831787
719, -1.7327057123184204, 9.125556945800781, 0.7949860692024231
720, -1.6840301752090454, 9.457984924316406, -0.7560782432556152
721, -1.612817406654358, 9.908027648925781, -2.2941577434539795
722, -1.669274926185608, 10.274162292480469, -3.1231160163879395
723, -1.6147857904434204, 9.593193054199219, -1.0031014680862427
724, -1.6166778802871704, 9.490226745605469, 0.382803350687027
725, -1.5216766595840454, 9.216743469238281, 1.5292671918869019
726, -2.103402614593506, 8.718589782714844, 2.9477896690368652
727, -2.2050414085388184, 8.760810852050781, 3.839383602142334
728, -1.7000824213027954, 7.997230529785156, 5.487351417541504
729, -1.831933617591858, 7.275657653808594, 5.877737045288086
730, -1.683038353919983, 6.227638244628906, 6.4876813888549805
731, -1.5144439935684204, 5.992744445800781, 6.5071120262146
732, -1.5475555658340454, 4.593940734863281, 8.249523162841797
733, -1.4816986322402954, 4.053031921386719, 9.103595733642578
734, -1.099847435951233, 2.5709609985351562, 10.493423461914062
735, -0.6005798578262329, 1.8000259399414062, 10.720331192016602
736, -0.407632440328598, 0.5133895874023438, 10.150757789611816
737, -0.3212829530239105, -0.6716232299804688, 10.440659523010254
738, 0.10452880710363388, -1.7790908813476562, 10.022668838500977
739, -0.04743347316980362, -1.4121322631835938, 9.900262832641602
740, -0.14765319228172302, -1.8109054565429688, 10.14437484741211
741, -0.274789422750473, -1.0603713989257812, 10.54196834564209
742, -0.387368768453598, 1.1015853881835938, 10.624205589294434
743, -0.5493103265762329, 2.6418075561523438, 10.926795959472656
744, -0.9063507318496704, 4.448188781738281, 9.003593444824219
745, -0.7810150384902954, 4.668022155761719, 8.41796875
746, -1.8378692865371704, 5.320671081542969, 7.734100818634033
747, -1.458032250404358, 5.976814270019531, 6.694022178649902
748, -1.5158478021621704, 7.311027526855469, 6.022204875946045
749, -1.367883324623108, 7.503684997558594, 5.316384792327881
750, -1.7977691888809204, 8.385200500488281, 5.2283711433410645
751, -1.1829620599746704, 8.303337097167969, 4.94345235824585
752, -1.1938263177871704, 8.722038269042969, 4.915910243988037
753, -1.1452423334121704, 8.466697692871094, 4.539163112640381
754, -1.486505150794983, 8.666801452636719, 2.645324230194092
755, -1.490167260169983, 9.411033630371094, 1.7076295614242554
756, -1.4786468744277954, 9.419639587402344, 0.7328332662582397
757, -1.775415062904358, 9.586982727050781, -0.3521006107330322
758, -1.5884186029434204, 10.117118835449219, -2.503892421722412
759, -2.112710475921631, 10.545448303222656, -2.108337640762329
760, -2.2184386253356934, 9.278114318847656, -0.08163005113601685
761, -1.9899688959121704, 9.293220520019531, 1.2312389612197876
762, -1.7136932611465454, 8.955314636230469, 2.848846673965454
763, -1.708245873451233, 8.362388610839844, 3.6310503482818604
764, -1.685052514076233, 8.173881530761719, 4.790545463562012
765, -1.743615746498108, 7.659980773925781, 5.3374342918396
766, -1.4833160638809204, 7.664955139160156, 5.790891170501709
767, -1.873712182044983, 6.892692565917969, 6.293765544891357
768, -1.4130340814590454, 6.277015686035156, 6.834395408630371
769, -1.194726586341858, 5.453544616699219, 6.941450119018555
770, -1.0912567377090454, 4.671791076660156, 8.928424835205078
771, -0.7530304193496704, 3.4486923217773438, 10.241168975830078
772, -0.3405395448207855, 1.8082504272460938, 10.700697898864746
773, 0.21398010849952698, -0.7961502075195312, 10.381199836730957
774, -0.02585754543542862, -1.1199569702148438, 10.461895942687988
775, 0.005117796361446381, -1.9443893432617188, 10.150555610656738
776, -0.5218445062637329, -1.0935134887695312, 9.770569801330566
777, -0.6724792718887329, -1.3182449340820312, 9.678866386413574
778, -0.7311187982559204, -1.4833297729492188, 9.7412691116333
779, -0.6862274408340454, -1.5032119750976562, 9.90457534790039
780, -0.6236664056777954, -1.6989517211914062, 9.669992446899414
781, -0.2966552674770355, -1.8512039184570312, 9.617975234985352
782, -0.3778320252895355, -1.5546340942382812, 9.694965362548828
783, -0.14237365126609802, -2.3898544311523438, 9.658968925476074
784, 0.10303344577550888, -2.3431472778320312, 9.521772384643555
785, -0.01889953762292862, -2.3078842163085938, 9.591880798339844
786, 0.17014160752296448, -2.5519332885742188, 9.524014472961426
787, 0.03867187350988388, -2.6289749145507812, 9.463371276855469
788, -0.04201660305261612, -2.7284317016601562, 9.52066707611084
789, 0.02780761569738388, -2.1444931030273438, 9.660167694091797
790, 0.06874694675207138, -1.9163436889648438, 9.563311576843262
791, -0.07340393215417862, -2.3095169067382812, 9.638168334960938
792, -0.05750427395105362, -2.0254898071289062, 9.618846893310547
793, -0.12992247939109802, -2.1637649536132812, 9.633668899536133
794, -0.13076171278953552, -2.1891860961914062, 9.621992111206055
795, -0.12551268935203552, -2.0911636352539062, 9.62191390991211
796, -0.18180236220359802, -1.8958969116210938, 9.629154205322266
797, -0.20978698134422302, -1.9918746948242188, 9.539053916931152
798, -0.21846923232078552, -2.0756912231445312, 9.572917938232422
799, -0.20879516005516052, -1.9227371215820312, 9.661584854125977
800, -0.20893248915672302, -2.1260910034179688, 9.623751640319824
801, -0.11760864406824112, -2.0343551635742188, 9.641438484191895
802, -0.20534667372703552, -2.1254806518554688, 9.499150276184082
803, -0.04172668606042862, -2.2793807983398438, 9.58867359161377
804, -0.08683166652917862, -1.9737777709960938, 9.679879188537598
805, -0.10195312649011612, -2.1103591918945312, 9.635817527770996
806, -0.04076538234949112, -2.0343551635742188, 9.61081314086914
807, 0.12515869736671448, -2.2246932983398438, 9.600069999694824
808, 0.22893372178077698, -2.0119705200195312, 9.68889331817627
809, 0.3689941465854645, -2.1021652221679688, 9.605395317077637
810, 0.2666381895542145, -1.9515151977539062, 9.449296951293945
811, 0.06131591647863388, -2.9896774291992188, 9.501080513000488
812, 0.14118042588233948, -2.4036941528320312, 9.505611419677734
813, 0.01163329929113388, -2.2659225463867188, 9.62862491607666
814, 0.09160461276769638, -2.2957534790039062, 9.584625244140625
815, -0.20371398329734802, -2.4963455200195312, 9.50682544708252
816, -0.23546752333641052, -2.6881790161132812, 9.535676002502441
817, -0.3069396913051605, -2.6079330444335938, 9.4646635055542
818, -0.3678527772426605, -2.6885604858398438, 9.501158714294434
819, -0.19999083876609802, -2.6397323608398438, 9.595617294311523
820, -0.3314453065395355, -2.5409774780273438, 9.506654739379883
821, -0.21656188368797302, -2.8504409790039062, 9.521663665771484
822, -0.13945922255516052, -2.8581008911132812, 9.394835472106934
823, -0.4464965760707855, -2.5009994506835938, 9.442835807800293
824, -0.313668817281723, -2.3490676879882812, 9.132351875305176
825, -0.16095885634422302, -3.3157730102539062, 9.71855354309082
826, -0.347573846578598, -2.5169448852539062, 9.445186614990234
827, -0.6416260004043579, -2.3090896606445312, 10.010400772094727
828, -0.06679687649011612, -2.1557693481445312, 8.979336738586426
829, -0.6373077630996704, -3.2694778442382812, 9.487161636352539
830, -0.7183014154434204, -0.38924407958984375, 9.989849090576172
831, 0.291189581155777, -1.8169784545898438, 10.062603950500488
832, -0.5382171869277954, -0.8369064331054688, 9.56865119934082
833, -0.433969110250473, -0.05657196044921875, 9.725730895996094
834, -1.1339508295059204, 0.5682449340820312, 10.936495780944824
835, 0.3663391172885895, 0.19593048095703125, 10.895953178405762
836, -0.13123473525047302, 0.5095901489257812, 11.40877628326416
837, 0.17713013291358948, -1.6395034790039062, 9.589405059814453
838, 1.949530005455017, 0.8723526000976562, 10.501161575317383
839, 1.369818091392517, 1.9419326782226562, 9.31213092803955
840, 2.1711487770080566, 2.2087783813476562, 8.600627899169922
841, 0.5478118658065796, 4.648933410644531, 8.344122886657715
842, -0.5352722406387329, 3.8659439086914062, 6.453413486480713
843, 1.5311797857284546, 3.7692489624023438, 6.961612224578857
844, 3.0673584938049316, 4.819313049316406, 10.730108261108398
845, 2.0002198219299316, 5.246833801269531, 13.49347972869873
846, 1.878851294517517, 3.9293899536132812, 8.935057640075684
847, 1.812933325767517, 5.340766906738281, 7.770314693450928
848, -0.7032715082168579, 3.2571640014648438, 6.904784202575684
849, 0.04968871921300888, 2.9194717407226562, 6.68145751953125
850, -0.8558899164199829, 2.4798812866210938, 9.08639144897461
851, -0.7546936273574829, 3.7737045288085938, 9.038359642028809
852, -1.0008941888809204, 2.0227279663085938, 10.900530815124512
853, 0.12267150729894638, 4.671546936035156, 10.050180435180664
854, 0.24567261338233948, 5.277503967285156, 9.297667503356934
855, -0.12799987196922302, 2.5329818725585938, 11.685272216796875
856, 1.5330718755722046, -0.03328704833984375, 9.355880737304688
857, -0.7205597162246704, 0.5958023071289062, 8.753752708435059
858, 0.00887145847082138, 1.0336074829101562, 9.460616111755371
859, -1.0158478021621704, 2.3443374633789062, 9.498091697692871
